0	1
1	4
2	7
3	11
4	11
5	11
6	11
7	14
8	14
9	16
10	17
11	20
12	23
13	25
14	27
15	28
16	31
17	34
18	34
19	34
20	35
21	37
22	39
23	41
24	43
25	44
26	47
27	49
28	49
29	49
30	49
31	51
32	54
33	54
34	54
35	55
36	58
37	61
38	61
39	61
40	62
41	64
42	65
43	67
44	67
45	67
46	69
47	69
48	73
49	75
50	76
51	78
52	81
53	81
54	83
55	84
56	86
57	88
58	88
59	90
60	91
61	94
62	96
63	100
64	100
65	101
66	104
67	107
68	107
69	107
70	107
71	107
72	109
73	111
74	111
75	112
76	114
77	117
78	117
79	119
80	119
81	122
82	122
83	122
84	123
85	123
86	126
87	128
88	130
89	132
90	133
91	135
92	138
93	138
94	138
95	139
96	141
97	142
98	145
99	147
100	148
101	150
102	153
103	153
104	153
105	153
106	155
107	158
108	158
109	158
110	159
111	161
112	164
113	166
114	166
115	167
116	169
117	170
118	174
119	176
120	177
121	180
122	183
123	185
124	187
125	188
126	191
127	193
128	194
129	195
130	196
131	199
132	202
133	204
134	206
135	206
136	206
137	209
138	211
139	211
140	212
141	215
142	217
143	217
144	219
145	220
146	223
147	225
148	227
149	227
150	228
151	230
152	232
153	234
154	236
155	237
156	239
157	240
158	242
159	244
160	245
161	248
162	251
163	255
164	257
165	258
166	261
167	263
168	265
169	265
170	266
171	268
172	270
173	270
174	270
175	271
176	274
177	276
178	277
179	279
180	280
181	283
182	285
183	289
184	289
185	289
186	289
187	292
188	292
189	294
190	295
191	297
192	298
193	300
194	302
195	303
196	306
197	309
198	309
199	311
200	311
201	314
202	317
203	317
204	317
205	318
206	321
207	321
208	323
209	325
210	326
211	329
212	332
213	334
214	336
215	336
216	338
217	338
218	340
219	340
220	341
221	344
222	347
223	349
224	351
225	352
226	355
227	358
228	360
229	362
230	363
231	365
232	367
233	367
234	369
235	370
236	373
237	376
238	376
239	376
240	377
241	380
242	383
243	383
244	385
245	386
246	388
247	389
248	391
249	391
250	392
251	394
252	396
253	398
254	400
255	401
256	404
257	406
258	408
259	408
260	409
261	412
262	415
263	415
264	417
265	418
266	420
267	422
268	424
269	426
270	427
271	430
272	430
273	433
274	433
275	434
276	437
277	440
278	444
279	444
280	445
281	448
282	448
283	452
284	454
285	455
286	457
287	460
288	464
289	464
290	464
291	464
292	467
293	469
294	471
295	472
296	475
297	478
298	482
299	482
300	483
301	486
302	488
303	489
304	491
305	492
306	494
307	497
308	499
309	501
310	502
311	505
312	508
313	510
314	510
315	511
316	514
317	517
318	521
319	521
320	522
321	524
322	527
323	527
324	529
325	529
326	531
327	532
328	536
329	536
330	537
331	540
332	543
333	543
334	543
335	544
336	547
337	549
338	553
339	555
340	556
341	558
342	560
343	562
344	564
345	565
346	568
347	568
348	571
349	573
350	574
351	576
352	577
353	579
354	579
355	580
356	583
357	583
358	586
359	586
360	587
361	589
362	592
363	594
364	594
365	595
366	595
367	598
368	602
369	604
370	604
371	606
372	609
373	611
374	613
375	614
376	617
377	620
378	622
379	624
380	625
381	628
382	631
383	633
384	633
385	634
386	637
387	640
388	640
389	640
390	641
391	643
392	645
393	646
394	647
395	648
396	651
397	651
398	655
399	657
400	657
401	657
402	660
403	664
404	664
405	665
406	668
407	670
408	672
409	672
410	673
411	676
412	679
413	683
414	683
415	684
416	687
417	690
418	690
419	692
420	693
421	696
422	698
423	700
424	702
425	703
426	706
427	708
428	709
429	709
430	710
431	712
432	713
433	716
434	716
435	716
436	717
437	720
438	720
439	720
440	720
441	722
442	724
443	726
444	726
445	727
446	730
447	733
448	737
449	737
450	738
451	741
452	743
453	745
454	745
455	746
456	749
457	752
458	752
459	752
460	752
461	753
462	756
463	760
464	762
465	763
466	765
467	768
468	770
469	772
470	773
471	775
472	777
473	779
474	779
475	780
476	782
477	785
478	785
479	785
480	785
481	788
482	791
483	791
484	793
485	794
486	797
487	799
488	799
489	799
490	800
491	803
492	806
493	806
494	808
495	809
496	812
497	815
498	817
499	817
500	818
501	821
502	824
503	826
504	826
505	827
506	829
507	832
508	832
509	832
510	833
511	836
512	838
513	840
514	840
515	841
516	844
517	847
518	851
519	853
520	853
521	855
522	858
523	862
524	862
525	863
526	865
527	867
528	869
529	869
530	870
531	873
532	875
533	876
534	877
535	878
536	880
537	881
538	885
539	887
540	888
541	891
542	893
543	897
544	899
545	900
546	903
547	906
548	910
549	910
550	910
551	912
552	914
553	918
554	918
555	919
556	922
557	925
558	927
559	929
560	930
561	933
562	933
563	937
564	937
565	938
566	941
567	944
568	946
569	948
570	949
571	952
572	954
573	954
574	954
575	955
576	957
577	960
578	960
579	960
580	960
581	962
582	964
583	968
584	968
585	969
586	972
587	972
588	975
589	977
590	977
591	979
592	981
593	983
594	983
595	984
596	984
597	987
598	989
599	989
600	990
601	993
602	993
603	996
604	998
605	999
606	1002
607	1004
608	1006
609	1006
610	1006
611	1008
612	1010
613	1014
614	1016
615	1017
616	1019
617	1022
618	1026
619	1028
620	1029
621	1032
622	1035
623	1035
624	1035
625	1036
626	1038
627	1039
628	1041
629	1043
630	1044
631	1047
632	1050
633	1052
634	1054
635	1055
636	1055
637	1058
638	1060
639	1062
640	1063
641	1066
642	1069
643	1073
644	1073
645	1074
646	1077
647	1079
648	1079
649	1081
650	1082
651	1085
652	1087
653	1089
654	1089
655	1090
656	1093
657	1095
658	1096
659	1096
660	1097
661	1100
662	1103
663	1103
664	1103
665	1104
666	1107
667	1109
668	1109
669	1109
670	1110
671	1112
672	1113
673	1114
674	1116
675	1117
676	1120
677	1122
678	1122
679	1122
680	1122
681	1125
682	1128
683	1128
684	1128
685	1129
686	1131
687	1134
688	1138
689	1138
690	1139
691	1142
692	1145
693	1145
694	1145
695	1146
696	1149
697	1149
698	1153
699	1155
700	1156
701	1159
702	1162
703	1164
704	1166
705	1167
706	1170
707	1172
708	1176
709	1178
710	1179
711	1182
712	1185
713	1185
714	1185
715	1186
716	1189
717	1189
718	1191
719	1191
720	1192
721	1194
722	1197
723	1197
724	1197
725	1198
726	1201
727	1204
728	1204
729	1204
730	1204
731	1206
732	1206
733	1209
734	1209
735	1210
736	1213
737	1216
738	1216
739	1216
740	1217
741	1220
742	1220
743	1224
744	1224
745	1225
746	1228
747	1228
748	1230
749	1232
750	1233
751	1236
752	1238
753	1240
754	1242
755	1242
756	1245
757	1247
758	1249
759	1249
760	1250
761	1252
762	1253
763	1255
764	1255
765	1255
766	1257
767	1260
768	1260
769	1260
770	1261
771	1264
772	1266
773	1268
774	1268
775	1268
776	1269
777	1271
778	1271
779	1271
780	1272
781	1275
782	1277
783	1277
784	1278
785	1278
786	1281
787	1284
788	1284
789	1284
790	1285
791	1288
792	1290
793	1292
794	1292
795	1292
796	1294
797	1297
798	1297
799	1299
800	1300
801	1303
802	1306
803	1310
804	1310
805	1311
806	1313
807	1315
808	1315
809	1315
810	1316
811	1319
812	1322
813	1324
814	1324
815	1325
816	1328
817	1330
818	1330
819	1330
820	1330
821	1333
822	1336
823	1338
824	1340
825	1341
826	1344
827	1347
828	1347
829	1347
830	1348
831	1351
832	1354
833	1358
834	1358
835	1359
836	1362
837	1364
838	1366
839	1368
840	1369
841	1372
842	1375
843	1375
844	1375
845	1376
846	1379
847	1382
848	1386
849	1388
850	1389
851	1392
852	1395
853	1395
854	1395
855	1396
856	1399
857	1401
858	1402
859	1404
860	1405
861	1407
862	1408
863	1411
864	1411
865	1412
866	1412
867	1415
868	1417
869	1417
870	1418
871	1420
872	1423
873	1423
874	1425
875	1426
876	1426
877	1429
878	1433
879	1435
880	1436
881	1439
882	1442
883	1444
884	1446
885	1447
886	1449
887	1450
888	1452
889	1452
890	1453
891	1456
892	1456
893	1459
894	1459
895	1459
896	1460
897	1463
898	1465
899	1465
900	1466
901	1469
902	1471
903	1473
904	1475
905	1476
906	1478
907	1481
908	1483
909	1485
910	1486
911	1486
912	1489
913	1491
914	1491
915	1492
916	1495
917	1498
918	1500
919	1502
920	1503
921	1506
922	1508
923	1512
924	1514
925	1515
926	1517
927	1518
928	1522
929	1524
930	1525
931	1528
932	1531
933	1535
934	1535
935	1536
936	1539
937	1542
938	1546
939	1548
940	1549
941	1551
942	1554
943	1556
944	1556
945	1557
946	1560
947	1560
948	1560
949	1560
950	1561
951	1564
952	1566
953	1568
954	1568
955	1569
956	1572
957	1574
958	1576
959	1578
960	1579
961	1582
962	1584
963	1584
964	1585
965	1585
966	1588
967	1588
968	1591
969	1591
970	1592
971	1595
972	1598
973	1598
974	1598
975	1599
976	1602
977	1604
978	1604
979	1604
980	1605
981	1608
982	1611
983	1611
984	1611
985	1612
986	1615
987	1615
988	1619
989	1619
990	1620
991	1623
992	1626
993	1628
994	1630
995	1631
996	1634
997	1636
998	1640
999	1642
1000	1643
1001	1645
1002	1648
1003	1648
1004	1648
1005	1649
1006	1651
1007	1652
1008	1656
1009	1658
1010	1659
1011	1662
1012	1664
1013	1668
1014	1668
1015	1669
1016	1672
1017	1674
1018	1676
1019	1676
1020	1677
1021	1680
1022	1682
1023	1686
1024	1686
1025	1687
1026	1690
1027	1690
1028	1694
1029	1694
1030	1694
1031	1696
1032	1697
1033	1699
1034	1699
1035	1700
1036	1703
1037	1703
1038	1705
1039	1705
1040	1706
1041	1709
1042	1712
1043	1716
1044	1716
1045	1716
1046	1718
1047	1721
1048	1721
1049	1721
1050	1722
1051	1724
1052	1725
1053	1728
1054	1728
1055	1728
1056	1729
1057	1731
1058	1735
1059	1735
1060	1735
1061	1735
1062	1737
1063	1737
1064	1737
1065	1738
1066	1740
1067	1743
1068	1745
1069	1745
1070	1745
1071	1747
1072	1750
1073	1752
1074	1752
1075	1753
1076	1755
1077	1758
1078	1762
1079	1762
1080	1762
1081	1762
1082	1765
1083	1769
1084	1769
1085	1770
1086	1773
1087	1775
1088	1777
1089	1777
1090	1777
1091	1779
1092	1782
1093	1786
1094	1786
1095	1787
1096	1790
1097	1792
1098	1794
1099	1796
1100	1797
1101	1799
1102	1802
1103	1802
1104	1802
1105	1803
1106	1806
1107	1809
1108	1811
1109	1813
1110	1814
1111	1814
1112	1817
1113	1819
1114	1821
1115	1822
1116	1823
1117	1825
1118	1826
1119	1826
1120	1826
1121	1829
1122	1832
1123	1832
1124	1834
1125	1834
1126	1834
1127	1837
1128	1837
1129	1837
1130	1838
1131	1841
1132	1843
1133	1847
1134	1847
1135	1848
1136	1851
1137	1854
1138	1858
1139	1858
1140	1858
1141	1860
1142	1863
1143	1867
1144	1869
1145	1869
1146	1871
1147	1873
1148	1873
1149	1873
1150	1873
1151	1876
1152	1879
1153	1881
1154	1883
1155	1884
1156	1886
1157	1888
1158	1890
1159	1890
1160	1890
1161	1892
1162	1893
1163	1897
1164	1897
1165	1897
1166	1897
1167	1900
1168	1900
1169	1902
1170	1903
1171	1905
1172	1906
1173	1908
1174	1910
1175	1911
1176	1914
1177	1916
1178	1918
1179	1920
1180	1921
1181	1924
1182	1926
1183	1926
1184	1926
1185	1927
1186	1930
1187	1933
1188	1935
1189	1935
1190	1936
1191	1939
1192	1941
1193	1943
1194	1945
1195	1946
1196	1949
1197	1949
1198	1952
1199	1952
1200	1953
1201	1954
1202	1956
1203	1958
1204	1960
1205	1961
1206	1964
1207	1967
1208	1969
1209	1969
1210	1969
1211	1969
1212	1970
1213	1972
1214	1974
1215	1975
1216	1978
1217	1981
1218	1985
1219	1985
1220	1986
1221	1989
1222	1992
1223	1996
1224	1996
1225	1996
1226	1996
1227	1997
1228	1999
1229	1999
1230	2000
1231	2003
1232	2006
1233	2010
1234	2012
1235	2013
1236	2015
1237	2018
1238	2018
1239	2018
1240	2019
1241	2022
1242	2022
1243	2022
1244	2023
1245	2024
1246	2027
1247	2029
1248	2033
1249	2035
1250	2036
1251	2038
1252	2041
1253	2045
1254	2045
1255	2046
1256	2049
1257	2051
1258	2053
1259	2053
1260	2053
1261	2054
1262	2055
1263	2057
1264	2057
1265	2058
1266	2061
1267	2063
1268	2065
1269	2065
1270	2066
1271	2068
1272	2070
1273	2071
1274	2071
1275	2071
1276	2074
1277	2074
1278	2076
1279	2076
1280	2077
1281	2079
1282	2082
1283	2084
1284	2086
1285	2087
1286	2090
1287	2093
1288	2095
1289	2095
1290	2096
1291	2099
1292	2101
1293	2102
1294	2102
1295	2103
1296	2105
1297	2107
1298	2111
1299	2111
1300	2112
1301	2115
1302	2115
1303	2116
1304	2117
1305	2118
1306	2121
1307	2123
1308	2125
1309	2127
1310	2128
1311	2130
1312	2131
1313	2135
1314	2135
1315	2136
1316	2138
1317	2141
1318	2141
1319	2141
1320	2141
1321	2144
1322	2147
1323	2151
1324	2151
1325	2151
1326	2153
1327	2153
1328	2153
1329	2155
1330	2155
1331	2156
1332	2159
1333	2159
1334	2159
1335	2160
1336	2162
1337	2165
1338	2167
1339	2169
1340	2170
1341	2173
1342	2176
1343	2178
1344	2178
1345	2179
1346	2182
1347	2182
1348	2182
1349	2182
1350	2183
1351	2186
1352	2189
1353	2189
1354	2191
1355	2192
1356	2195
1357	2198
1358	2198
1359	2200
1360	2201
1361	2204
1362	2204
1363	2206
1364	2206
1365	2207
1366	2210
1367	2213
1368	2213
1369	2215
1370	2216
1371	2218
1372	2221
1373	2225
1374	2227
1375	2228
1376	2228
1377	2231
1378	2232
1379	2233
1380	2234
1381	2237
1382	2240
1383	2240
1384	2240
1385	2241
1386	2243
1387	2245
1388	2247
1389	2249
1390	2249
1391	2249
1392	2252
1393	2253
1394	2255
1395	2255
1396	2258
1397	2258
1398	2261
1399	2261
1400	2261
1401	2263
1402	2265
1403	2265
1404	2265
1405	2266
1406	2268
1407	2269
1408	2271
1409	2271
1410	2272
1411	2275
1412	2275
1413	2275
1414	2275
1415	2276
1416	2279
1417	2279
1418	2281
1419	2283
1420	2284
1421	2287
1422	2290
1423	2294
1424	2296
1425	2297
1426	2300
1427	2302
1428	2302
1429	2302
1430	2303
1431	2306
1432	2308
1433	2310
1434	2310
1435	2310
1436	2312
1437	2314
1438	2316
1439	2316
1440	2317
1441	2320
1442	2323
1443	2323
1444	2323
1445	2324
1446	2327
1447	2330
1448	2334
1449	2336
1450	2337
1451	2340
1452	2343
1453	2343
1454	2343
1455	2343
1456	2345
1457	2348
1458	2348
1459	2350
1460	2351
1461	2354
1462	2357
1463	2359
1464	2361
1465	2362
1466	2365
1467	2365
1468	2367
1469	2367
1470	2368
1471	2371
1472	2371
1473	2372
1474	2374
1475	2375
1476	2375
1477	2378
1478	2379
1479	2381
1480	2382
1481	2385
1482	2388
1483	2388
1484	2390
1485	2391
1486	2394
1487	2397
1488	2401
1489	2403
1490	2403
1491	2406
1492	2406
1493	2406
1494	2408
1495	2409
1496	2412
1497	2414
1498	2416
1499	2416
1500	2417
1501	2419
1502	2422
1503	2424
1504	2426
1505	2426
1506	2426
1507	2426
1508	2430
1509	2432
1510	2432
1511	2432
1512	2432
1513	2436
1514	2436
1515	2437
1516	2440
1517	2443
1518	2445
1519	2445
1520	2445
1521	2447
1522	2449
1523	2451
1524	2451
1525	2452
1526	2454
1527	2457
1528	2457
1529	2457
1530	2458
1531	2460
1532	2462
1533	2466
1534	2466
1535	2467
1536	2469
1537	2470
1538	2472
1539	2472
1540	2472
1541	2475
1542	2477
1543	2477
1544	2477
1545	2478
1546	2481
1547	2484
1548	2484
1549	2484
1550	2485
1551	2488
1552	2490
1553	2492
1554	2492
1555	2493
1556	2496
1557	2499
1558	2503
1559	2503
1560	2504
1561	2507
1562	2510
1563	2510
1564	2510
1565	2511
1566	2514
1567	2514
1568	2517
1569	2519
1570	2520
1571	2522
1572	2525
1573	2527
1574	2527
1575	2527
1576	2529
1577	2531
1578	2531
1579	2531
1580	2532
1581	2535
1582	2537
1583	2539
1584	2539
1585	2540
1586	2542
1587	2544
1588	2548
1589	2548
1590	2549
1591	2552
1592	2552
1593	2554
1594	2554
1595	2555
1596	2558
1597	2561
1598	2561
1599	2561
1600	2562
1601	2565
1602	2568
1603	2570
1604	2570
1605	2571
1606	2574
1607	2577
1608	2577
1609	2577
1610	2578
1611	2581
1612	2584
1613	2584
1614	2584
1615	2585
1616	2585
1617	2588
1618	2589
1619	2589
1620	2590
1621	2593
1622	2593
1623	2597
1624	2599
1625	2600
1626	2603
1627	2605
1628	2607
1629	2607
1630	2608
1631	2610
1632	2613
1633	2615
1634	2615
1635	2616
1636	2618
1637	2621
1638	2623
1639	2625
1640	2626
1641	2629
1642	2629
1643	2633
1644	2635
1645	2636
1646	2638
1647	2640
1648	2640
1649	2640
1650	2641
1651	2644
1652	2647
1653	2647
1654	2647
1655	2648
1656	2650
1657	2653
1658	2655
1659	2657
1660	2658
1661	2661
1662	2661
1663	2663
1664	2663
1665	2664
1666	2667
1667	2670
1668	2670
1669	2670
1670	2671
1671	2673
1672	2674
1673	2677
1674	2679
1675	2679
1676	2679
1677	2682
1678	2682
1679	2684
1680	2685
1681	2688
1682	2691
1683	2693
1684	2693
1685	2694
1686	2697
1687	2700
1688	2704
1689	2704
1690	2705
1691	2707
1692	2710
1693	2710
1694	2710
1695	2711
1696	2714
1697	2717
1698	2717
1699	2717
1700	2718
1701	2721
1702	2724
1703	2728
1704	2728
1705	2729
1706	2731
1707	2733
1708	2733
1709	2735
1710	2735
1711	2737
1712	2739
1713	2741
1714	2741
1715	2741
1716	2743
1717	2744
1718	2746
1719	2748
1720	2748
1721	2748
1722	2750
1723	2752
1724	2752
1725	2753
1726	2756
1727	2758
1728	2758
1729	2758
1730	2759
1731	2761
1732	2764
1733	2764
1734	2766
1735	2767
1736	2770
1737	2772
1738	2774
1739	2776
1740	2777
1741	2780
1742	2780
1743	2783
1744	2783
1745	2783
1746	2785
1747	2788
1748	2788
1749	2788
1750	2789
1751	2792
1752	2794
1753	2794
1754	2796
1755	2797
1756	2800
1757	2800
1758	2800
1759	2800
1760	2801
1761	2803
1762	2804
1763	2806
1764	2808
1765	2809
1766	2811
1767	2813
1768	2815
1769	2817
1770	2818
1771	2820
1772	2822
1773	2824
1774	2826
1775	2827
1776	2830
1777	2830
1778	2830
1779	2832
1780	2832
1781	2834
1782	2836
1783	2838
1784	2840
1785	2841
1786	2844
1787	2847
1788	2847
1789	2849
1790	2850
1791	2853
1792	2856
1793	2858
1794	2858
1795	2859
1796	2861
1797	2862
1798	2864
1799	2864
1800	2864
1801	2867
1802	2869
1803	2869
1804	2869
1805	2870
1806	2873
1807	2876
1808	2876
1809	2878
1810	2879
1811	2881
1812	2884
1813	2886
1814	2886
1815	2887
1816	2890
1817	2892
1818	2893
1819	2895
1820	2896
1821	2899
1822	2902
1823	2902
1824	2902
1825	2902
1826	2903
1827	2906
1828	2908
1829	2908
1830	2909
1831	2911
1832	2914
1833	2914
1834	2916
1835	2917
1836	2920
1837	2923
1838	2923
1839	2925
1840	2926
1841	2929
1842	2932
1843	2932
1844	2932
1845	2933
1846	2935
1847	2938
1848	2940
1849	2940
1850	2941
1851	2944
1852	2947
1853	2947
1854	2947
1855	2948
1856	2951
1857	2951
1858	2954
1859	2954
1860	2954
1861	2956
1862	2959
1863	2963
1864	2963
1865	2964
1866	2966
1867	2968
1868	2970
1869	2972
1870	2973
1871	2976
1872	2978
1873	2982
1874	2982
1875	2983
1876	2985
1877	2986
1878	2988
1879	2990
1880	2991
1881	2994
1882	2997
1883	2997
1884	2999
1885	3000
1886	3003
1887	3006
1888	3008
1889	3008
1890	3009
1891	3012
1892	3014
1893	3016
1894	3016
1895	3016
1896	3018
1897	3020
1898	3021
1899	3023
1900	3024
1901	3026
1902	3028
1903	3030
1904	3030
1905	3031
1906	3032
1907	3034
1908	3036
1909	3038
1910	3039
1911	3042
1912	3045
1913	3049
1914	3049
1915	3050
1916	3053
1917	3053
1918	3055
1919	3055
1920	3056
1921	3059
1922	3059
1923	3061
1924	3063
1925	3063
1926	3066
1927	3066
1928	3069
1929	3071
1930	3072
1931	3075
1932	3075
1933	3078
1934	3078
1935	3079
1936	3082
1937	3082
1938	3085
1939	3085
1940	3085
1941	3087
1942	3087
1943	3087
1944	3089
1945	3090
1946	3090
1947	3093
1948	3094
1949	3094
1950	3095
1951	3098
1952	3100
1953	3101
1954	3103
1955	3104
1956	3107
1957	3107
1958	3109
1959	3111
1960	3112
1961	3115
1962	3118
1963	3120
1964	3122
1965	3122
1966	3122
1967	3124
1968	3126
1969	3128
1970	3128
1971	3131
1972	3131
1973	3131
1974	3133
1975	3133
1976	3134
1977	3137
1978	3137
1979	3137
1980	3138
1981	3141
1982	3144
1983	3144
1984	3144
1985	3145
1986	3148
1987	3151
1988	3155
1989	3155
1990	3156
1991	3158
1992	3160
1993	3164
1994	3164
1995	3165
1996	3168
1997	3168
1998	3172
1999	3172
2000	3172
2001	3174
2002	3177
2003	3179
2004	3181
2005	3182
2006	3185
2007	3187
2008	3189
2009	3189
2010	3190
2011	3193
2012	3196
2013	3196
2014	3198
2015	3199
2016	3201
2017	3203
2018	3205
2019	3207